3.99877
0
0
0
0
0
0
0
0
0
0
3.99657
0
0
0
0
0
0
0
0
0
0
5.99777
0
0
0
0
0
0
0
0
0
0
5.9962
0
0
0
0
0
0
0
0
0
0
5.9973
0
0
0
0
0
0
0
0
0
0
5.99428
0
0
0
0
0
0
0
0
0
0
0
0
0
0
0
0
0
0
0
0
0
0
0
0
0
0
0
0
0
0
0
0
0
0
0
0
0
0
0
0
0
0
0
0
0
0
0
0
0
0
0
0
0
0
0
3.99845
0
0
0
0
0
0
0
0
0
0
0
0
0
0
0
0
0
0
0
0
0
0
0
0
0
0
0
0
0
0
0
0
0
0
0
0
0
0
0
0
0
0
0
0
0
0
0
0
0
0
0
0
0
0
3.99756
0
0
0
0
0
0
0
0
0
0
3.99965
0
0
0
0
0
0
0
0
0
0
3.99612
0
0
0
0
0
0
0
0
0
0
5.98668
0
0
0
0
0
0
0
0
0
0
5.99244
0
0
0
0
0
0
0
0
0
0
4.9949
3.99796
0
0
0
0
0
0
0
0
0
0
3.99454
0
0
0
0
0
0
0
0
0
0
6.97942
0
0
0
0
0
5.98393
4.99097
2.99929
2.99858
3.99537
2.99995
2.99784
3.9976
4.9943
3.99629
2.99661
2.99872
2.99552
2.99934
3.99498
2.99659
5.98272
2.997
1.99921
7.99072
2.99722
0.999798
1.99679
3.99103
1.99812
1.99994
3.99576
1.99667
1.99949
1.99915
6.99458
1.99996
0.99892
2.99991
3
1.99777
0.999706
0
0
0
0
6.99906
0
0
0
0
0
0
0
0
0
0
10.9978
0
0.999209
0.999748
0.999267
0
0.999901
0
0.998947
0
0
6.98289
0
0
0
0
0
0
0
0
0
0
5.99929
