99.9488
99.5596
99.7435
99.2559
99.2945
99.8076
99.9476
99.8132
99.9645
99.8206
99.9903
99.3677
99.7884
99.8235
99.9216
99.942
99.8921
99.8265
99.9961
99.9388
99.8671
99.8378
99.5392
99.8999
99.9511
99.8082
99.8159
99.9179
99.8938
99.8905
99.9487
99.9745
99.8349
99.8616
99.8701
99.8487
99.9549
99.9462
99.0291
99.0466
99.8837
99.4644
99.8223
99.9749
99.8587
99.8764
99.7754
99.8355
99.9864
99.9865
99.9108
99.7826
99.9162
99.841
99.8577
99.8925
99.8318
99.8766
99.9248
99.9786
99.8491
99.8892
99.8491
99.8659
99.8063
99.9459
99.9763
99.8935
99.8374
99.9596
99.8372
99.8398
99.8433
99.7431
99.6859
99.6115
99.0387
99.9182
99.5716
99.9263
99.8415
99.9547
99.7989
99.8761
99.9239
99.9638
99.8162
99.7506
99.9755
99.1231
99.9189
99.818
99.8282
99.8083
99.8909
99.8506
99.89
99.8978
99.8082
99.8158
99.8573
99.9212
99.9794
99.8244
99.9443
99.8443
99.958
99.9751
99.8811
99.9751
99.913
99.7885
99.9519
99.811
99.9597
99.9349
99.8988
99.9846
99.8154
99.9513
99.8546
99.7506
99.8417
99.0099
99.6125
99.8235
99.6413
99.9099
99.9847
99.9696
99.8396
99.8114
99.834
99.831
99.8489
99.9618
99.9829
99.84
99.8938
99.755
99.9049
99.903
99.8384
99.9274
99.8124
99.9194
99.8951
99.9715
99.8352
99.882
99.9618
99.8652
99.838
99.8818
99.9674
99.8975
99.8776
99.9589
99.7899
99.0099
99.8532
99.4507
99.9034
99.8672
99.8169
99.8956
99.8807
99.923
99.8299
99.9087
99.778
99.9385
99.8154
99.9229
99.8287
99.9138
99.9167
99.9231
99.8913
99.8308
99.9682
99.9737
99.8257
99.9382
99.9093
99.9381
99.8172
99.873
99.9034
99.8691
99.9051
99.3177
99.4301
99.4867
99.7333
99.9363
99.9272
99.9897
99.9362
99.9454
99.8742
99.8047
99.8852
99.9192
99.9964
99.9447
99.8943
99.9682
99.9726
99.8312
99.8983
99.9741
99.8208
99.882
99.9142
99.9154
99.9126
99.8524
99.8507
99.9163
99.981
99.8473
99.8643
99.8588
99.6631
99.4898
99.9448
99.8963
99.9192
99.7366
99.992
99.7816
99.8764
99.8448
99.9824
99.9742
99.8489
99.9814
99.8454
99.7626
99.9419
99.7994
99.8464
99.916
99.9311
99.8181
99.9508
99.9353
99.9098
99.8883
99
99.7751
99.9419
99.9874
99.961
99.9834
99.8648
99.9248
99.807
99.8667
99.7589
99.7825
99.2152
99.8397
99.6301
99.8816
99.9098
99.7826
99.7686
99.7277
99.5935
99.1896
99.9924
99.8675
99.8269
99.935
99.9186
99.8764
99.8646
99.9165
99.8937
99
99.8139
99.8904
99.8734
99.882
99.8222
99.8109
99.8989
99.8855
99.9595
99.9587
99.8754
99.8722
99.8181
99.9919
99.9924
99.911
99.9936
99.907
99.9959
99.795
99.4786
99.3003
99.8045
99.9727
99.9249
99.873
99.9591
99.9495
99.8236
99.932
99.9086
99.891
99.9862
99.8386
99.9864
99.9106
99.8222
99.8857
99.8009
99.9252
99.8657
99.8904
99.982
99.8715
99.8405
99.9457
99.9313
99.8748
99.8378
99.7753
99.7179
99.868
99.2156
99.0592
99.05
99.5025
99.8168
99.8028
99.8532
99.9417
99.8516
99.9584
99.0099
99.8024
99.8779
99.8931
99.8333
99.9518
99.9861
99.9114
99.8492
99.9698
99.8973
99.7426
99.8431
99.8805
99.8216
99.8024
99.8843
99.8209
99.8961
99.9112
99.9625
99.9351
99.8109
99.8951
99.8455
99.5865
99.2779
99.9198
99.9779
99.7622
99.7576
99.7984
99.811
99.8132
99.9358
99.7819
99.5616
99.8811
99.9256
99.911
99.9765
99.9065
99.8696
99.9427
99.8509
99.9724
99.8931
99.8014
99.9152
99.9012
99.9476
99.8505
99.9279
99.9938
99.8573
99.9818
99.8568
99.7983
99.8117
99.9708
99.9252
99.9833
99.827
99.8648
99.8528
99.9623
99.9402
99.9685
99.9896
99.8535
99.8052
99.8302
99.985
99.8308
99.9779
99.4891
99.4429
99.959
99.7354
99.8094
99.8508
99.8876
99.8305
99.8129
99.8664
99.8162
99.8851
99.8752
99.8
99.9107
99.9026
99.9528
99.8991
99.7962
99.8357
99.9235
99.9951
99.8488
99.7562
99.806
99.9264
99.8196
99.8796
99.9181
99.9421
99.5805
99.892
99.0736
99.9252
99.7992
99.8626
99.8699
99.8143
99.9682
99.8833
99.8897
99.9364
99.9311
99.8736
99.9373
99.857
99.9736
99.8105
99.91
99.9167
99.9212
99.8762
99.7785
99.8309
99.9529
99.8953
99.9536
99.3354
99.8358
99.8987
99.8588
99.8468
99.8525
99.9827
99.7849
99.8625
99.8062
99.8283
99.9475
99.8181
99.8028
99.9779
99.8883
99.7448
99.9347
99.8627
99.8119
99.7894
99.8545
99.9826
99.8108
99.8071
99.5873
99.7765
99.4027
99.7598
99.9033
99.9624
99.9288
99.8783
99.8149
99.8306
99.8848
99.8142
99.9114
99.9113
99.8925
99.9167
99.8566
99.8875
99.8517
99.8359
99
99.8113
99.8791
99.8419
99.8079
99.7935
99.1339
99.4652
99.7333
99.8841
99.7971
99.8552
99.8703
99.8166
99.9749
99.972
99.8874
99.9505
99.9644
99.8648
99.8571
99.8132
99.9275
99.9094
99.8665
99.9523
99.9584
99.8167
99.8589
99.7235
99.8062
99.9694
99.9789
99.9379
99.9345
99.9828
99.8746
99.9918
99.9409
99.8004
99.4044
99.8209
99.9148
99.7926
99.8235
99.9296
99.8692
99.8627
99.9223
99.9597
99.9167
99.8716
99.954
99.9266
99.8499
99.8249
99.8926
99.8845
99.8376
99.8355
99.8467
99.8409
99.7708
99.6816
99.1952
99.778
99.7729
99.8858
99.8493
99.9193
99.9572
99.9973
99.7383
99.5611
99.9534
99.8339
99.9495
99.8627
99.9312
99.9417
99.8271
99.9572
99.9118
99.9299
99.9881
99.9591
99.9332
99.8964
99.9583
99.8373
99.828
99.8802
99.8374
99.3471
99.9673
99.848
99.8883
99.7975
99.7619
99.9486
99.9126
99.7863
99.9877
99.9255
99.7499
99.2556
99.9447
99.8192
99.9594
99.7719
99.8724
99.8145
99.8936
99.8621
99.9316
99.9796
99.8124
99.9512
99.9112
99.8929
99.9001
99.9747
99.9258
99.9258
99.9144
99.3568
99.548
99.9873
99.8355
99.9469
99.8453
99.989
99.5995
99.9311
99.1858
99.9612
99.927
99.9292
99.8864
99.9658
99.836
99.8642
99.9618
99.8374
99.3184
99.8598
99.8315
99.835
99.7987
99.8695
99.8497
99.8674
99.8793
99.08
99.4635
99.9783
99.1991
99.9231
99.9285
99.8733
99.9507
99.9856
99.8772
99.87
99.8663
99.8288
99.9205
99.359
99.9838
99.9013
99.9527
99.3258
99.8279
99.8907
99.9641
99.9082
99.8364
99.89
99.9039
99.8605
99.8934
99.977
99.8563
99.8801
99.8644
99.949
99.9593
99.8583
99.9517
99.8969
99.3506
99.7924
99.5896
99.8878
99.9227
99.8224
99.7919
99.881
99.7506
99.9688
99.9977
99.9853
99.8695
99.8859
99.8127
99.9406
99.8936
99.8254
99.9563
99.9451
99.8708
99.8973
99.9531
99.84
99.766
99.4061
99.0943
99.7789
99.8198
99.9388
99.8443
99.859
99.9799
99.8612
99.9087
99.9005
99.6899
99.5838
99.8934
99.7941
99.9962
99.7684
99.1585
99.7639
99.9031
99.9849
99.8833
99.8973
99.9069
99.9875
99.9664
99.9566
99.9676
99.9111
99.9357
99.9906
99.8516
99.8594
99.5453
99.2218
99.841
99.9502
99.9045
99.9522
99.8736
99.9422
99.9416
99.8813
99.8232
99.8831
99.838
99.8612
99.8135
99.9225
99.9546
99.594
99.8261
99.9114
99.8155
99.736
99.9128
99.8451
99.9736
99.9427
99.8659
99.8623
99.7877
99.4003
99.8559
99.911
99.8638
99.8328
99.7768
99
99.854
99.8659
99.9977
99.9298
99.747
99.8097
99.9843
99.108
99.2851
99.8379
99.8082
99.9832
99.8403
99.8085
99.9859
99.9346
99.8172
99.876
99.9888
99.8948
99.9733
99.9203
99.8384
99.7536
99.7797
99.936
99.8923
99.8427
99.7913
99.9277
99.8824
99.9344
99.863
99.8743
99.7786
99.816
99.9883
99.8409
99.887
99.7788
99.9495
99.9956
99.8307
99.8253
99.9396
99.8405
99.8112
99.2066
99.4854
99.8383
99.8678
99.9735
99.9842
99.9477
99.8078
99.9253
99.909
99.9567
99.8903
99.908
99.8646
99.8885
99.7809
99.967
99.8357
99.8705
99.813
99.9977
99.904
99.7879
99.9003
99.9416
99.7985
99.3677
99.0991
99.7506
99.8505
99.8318
99.8906
99.8598
99.8389
99.9394
99.979
99.9751
99.8131
99.8702
99.8223
99.8772
99.7611
99.8179
99.95
99.8481
99.867
99.9001
99.984
99.8039
99.9422
99.9302
99.7859
99.87
99.9054
99.9216
99.8555
99.6113
99.2864
99.9111
99.744
99.5932
99.8354
99.8573
99.747
99.9666
99.769
99.8549
99.8636
99
99.9791
99.8582
99.9321
99.8457
99.7963
99.8507
99.9012
99.9437
99.8113
99.9703
99.9953
99.923
99.8839
99.9319
99.8454
99.5882
99.9092
99.1114
99.6589
99.9028
99.8623
99.8677
99.9817
99
99.9979
99.9463
99.8561
99.9173
99.946
99.7914
99.9918
99.7664
99.8206
99.8441
99.8983
99.9875
99.9117
99.9377
99.9889
99.9628
99.8119
99.8676
99.8559
99.0491
99.9899
99.4716
99.7223
99.8306
99.8428
99.9723
99.9062
99.8233
99.9873
99.8605
99.9976
99.9072
99.9145
99.8739
99.8825
99.9696
99.8598
99.8289
99.8706
99.9548
99.9035
99.9349
99.8843
99.956
99.9776
99.8654
99.8448
99.9054
99.2047
99.7305
99.5563
99.9791
99.772
99.5408
99.9397
99.8928
99.8588
99.8739
99.8105
99.9495
99.9936
99.8013
99.9721
99.9603
99.7531
99.7718
99.6158
99.8298
99.886
99.9309
99.8554
99.9238
99.8181
99.901
99.9885
99.8225
99.0099
99.9481
99.8811
99.9752
99.8036
99.9948
99.8662
99.9473
99.8922
99.9628
99.6202
99.7435
99.8217
99.2044
99.734
99.7285
99.7453
99.9324
99.1168
99.9691
99.5723
99.3577
99.865
99.716
99.3195
99.728
99.7882
99.8982
99.7999
99.8292
99.7915
99.7817
99.888
99.814
99.9778
99.7573
99.925
99.9461
99.9567
99.8598
99.7053
99.8639
99.912
99.8727
99.9782
99.9781
99.9855
99.9039
99.8376
99.9142
99.9297
99.9149
99.934
99.3424
99.934
99
99.7426
99.3579
99.884
99.9405
99.9511
99.9319
99.8362
99.9186
99.9087
99.8285
99.8682
99.8384
99.829
99.9118
99.7822
99.9588
99.4296
99.8163
99.7662
99.8493
99.9972
99.8426
99.7706
99.9647
99.3258
99.8675
99.8205
99.7822
99.876
99.8907
99.7738
99.9605
99.8343
99.8856
99.9611
99.8645
99.8485
99.8905
99.9283
99.97
99.8048
99.8917
99.9772
99.9563
99.8545
99.9399
99.9878
99.8866
99.8996
99.9411
99.8387
99.8089
99.8946
99.9341
99.91
99.8521
99.9685
99.7284
99.0844
99.3634
99.0291
99.8219
99.8495
99.9467
99.7989
99.8901
99.9184
99.8912
99.9047
99.9186
99.945
99.7943
99.8929
99.6427
99.6946
99.806
99.9591
99.9833
99.8759
99.8127
99.954
99.9831
99
99.8545
99.955
99.856
99.7985
99.8702
99.9839
99.927
99.8124
99.7426
99.813
99.8147
99.9699
99.991
99.9155
99.953
99.8787
99.7907
99.998
99.7875
99.9873
99.8818
99.8635
99.9833
99.9469
99.7918
99.9468
99.7167
99.8101
99.8467
99.9935
99.8181
99.8026
99.9279
99.805
99.3377
99.2131
99.6617
99.8818
99.9188
99.9885
99.9478
99.95
99.9928
99.9958
99.9792
99.7929
99.9813
99.7981
99.7564
99.8609
99.8737
99.8182
99.878
99.8037
99.7618
99.8371
99.8873
99.8715
99.9353
99.8584
99.8066
99.8414
99.917
99.872
99.9608
99.8664
99.3305
99.8948
99.3943
99.8766
99.8312
99.9842
99.8377
99.8265
99.8421
99.9691
99.8974
99.8942
99.8045
99.9136
99.8094
99.8295
99.8432
99.7988
99.9095
99.9391
99.9608
99.8679
99.9052
99.9644
99.8641
99.9282
99.8351
99.8908
99.7596
99.8074
99.8149
99.1942
99.5206
99.8557
99.9029
99.8959
99.8037
99.8353
99.8395
99.9471
99.8192
99.9158
99.8818
99.9887
99.8911
99.8156
99.964
99.8129
99.9123
99.9749
99.9381
99.8568
99.7718
99.5829
99.5575
99.8417
99.7691
99.8682
99.7135
99.7337
99.9144
99.9925
99.8095
99.7555
99.8565
99.9879
99.8992
99.9572
99.9124
99.9574
99.9539
99.8475
99.8691
99.8576
99.8313
99.8076
99.6423
99.8894
99.8871
99.8701
99.2714
99.6381
99.8748
99.7653
99.9518
99.705
99.9045
99.7788
99.8429
99.8225
99.9472
99.8135
99.8593
99.7521
99.8872
99.9902
99.8957
99.9424
99.9611
99.9358
99.8521
99.8438
99.9605
99.7788
99.9054
99.8676
99.8016
99.8582
99.8847
99.0196
99.5192
99.9684
99.9273
99.7963
99.9804
99.9587
99.8515
99.7694
99
99.9299
99
99.7793
99.9009
99.8577
99.9277
99.8351
99.8701
99.7457
99.6828
99.832
99.1553
99.1006
99.8988
99.9848
99.874
99.987
99.7696
99.7865
99.8712
99.9322
99.3789
99.876
99.9413
99.9956
99.761
99.9151
99.9953
99.7887
99.9008
99.8769
99
99.7022
99.876
99.9891
99.8752
99.9673
99.8766
99.2701
99.1991
99.283
99.909
99.9313
99.0509
99.8764
99.9289
99.8882
99.9307
99
99.832
99.8535
99.9237
99.9608
99.9924
99.9148
99.8425
99.8269
99.8777
99.8779
99.8183
99.9529
99.8956
99.9025
99.7911
99.9681
99.8468
99.8155
99.988
99.0866
99.7485
99.3344
99.9911
99.9771
99.9119
99.7606
99.9882
99.859
99.9247
99.8913
99.9335
99.9773
99.9534
99.9343
99.9045
99.927
99.8901
99.971
99.8111
99.9378
99.9351
99.9535
99.918
99.4854
99.6383
99.462
99.9355
99.8157
99.7822
99.9072
99.8845
99.8159
99.9649
99.8776
99.7877
99.8243
99.8464
99.7865
99.9096
99.7961
99.822
99.8398
99.8643
99.8312
99.9182
99.8048
99.9421
99.9302
99.9317
99.1289
99.8087
99.6767
99.9703
99.9455
99.9423
99.9249
99.988
99.8027
99.9483
99.9837
99.8792
99.8989
99.9177
99.9331
99.9334
99.2719
99.8004
99.8358
99.8598
99.8797
99.9479
99.9072
99.8555
99.9873
99.9261
99.8684
99.8992
99.8279
99.8234
99.8833
99.9355
99.8084
99.8537
99.842
99.7866
99.8134
99.915
99.8866
99.923
99.719
99.9202
99.7966
99.4814
99.594
99.7179
99.7693
99.9254
99.7493
99.9031
99.8022
99.948
99.9217
99.7819
99.964
99.819
99.9426
99.1768
99.9919
99.8084
99.8183
99.9203
99.8791
99.7744
99.9471
99.9604
99.9648
99.8794
99.752
99.911
99.8986
99.9135
99.9726
99.8883
99.8994
99.8262
99.949
99.8347
99.7657
99.9407
99.9215
99.8023
99.8628
99.9725
99.4429
99.4601
99.395
99.9213
99.852
99.9008
99.7864
99.9418
99.9348
99.8573
99.8679
99.9824
99.913
99.9673
99.9137
99.8646
99.4615
99.8503
99.8305
99.933
99.8667
99.9821
99.8629
99.815
99.9058
99.8681
99.9364
99.8548
99.8168
99.9669
99.8149
99.9383
99.9863
99.9312
99.9543
99.9412
99.8736
99.9087
99.9472
99.3506
99.9681
99.8846
99.8062
99.9473
99.8229
99.9968
99.9419
99.8306
99.9308
99.9345
99.9369
99.8542
99.9113
99.9024
99.9013
99.7973
99.9357
99.8193
99.8971
99.7538
99.9494
99.947
99.9695
99.9584
99.8414
99.7945
99.9273
99.7562
99.2555
99.4318
99.592
99.8665
99.7062
99.8133
99.9586
99.4193
99.8783
99.8434
99.8799
99.8833
99.9758
99.9052
99.8545
99.9228
99.9591
99.8744
99.8329
99.8351
99.9194
99.9334
99.7952
99.8017
99.9219
99.9699
99.889
99.8921
99.9365
99.9908
99.2399
99.254
99.3326
99.8195
99.7315
99.8226
99.8344
99.9479
99.9001
99.998
99.8664
99.9068
99.7824
99.8453
99.9489
99.6855
99.9538
99.7335
99.8667
99.7687
99.9686
99.2701
99.813
99.8313
99.7302
99.9567
99.9197
99.8734
99.9452
99.8807
99.8981
99.9972
99.8664
99.9184
99.8888
99.9814
99.8956
99.8647
99.6828
99.5074
99.7009
99.8086
99.88
99.9961
99.9165
99.8927
99.9614
99.8938
99.9975
99.9042
99.8912
99.9902
99.9826
99.8464
99.8725
99.8977
99.9831
99.967
99.8434
99.8123
99.9978
99.9783
99.9585
99.8738
99.8397
99.7881
99.9255
99.7804
99.3257
99.3618
99.8208
99
99.7745
99.9868
99.905
99.8809
99.4094
99.7824
99.8477
99.9838
99.9228
99.7967
99.9956
99.5769
99.317
99.9888
99.852
99.7418
99.8384
99.7829
99.7169
99.834
99.8914
99.914
99.7579
99.827
99.8614
99.9286
99.3892
99.7775
99.8746
99.9286
99.8558
99.8931
99.7676
99.8343
99.9567
99.945
99.5285
99.9665
99.6164
99.7195
99.5866
99.9337
99.8985
99.8561
99.9426
99.9711
99.9082
99.9552
99.9394
99.7774
99.8959
99.9667
99.9651
99.8732
99.9579
99.9494
99.9047
99.9321
99.8181
99.8899
99.5906
99.9529
99.9245
99.8308
99.8455
99.1438
99.0099
99.4126
99.8798
99.8079
99.9662
99.8545
99.8584
99.991
99.9238
99.8657
99.8398
99.8501
99
99.9469
99.8179
99.8866
99.8183
99.8795
99.7772
99.8905
99.7881
99.8386
99.557
99.8205
99.7506
99.9914
99.8816
99.9051
99.9116
99.9506
99.7951
99.9812
99.8638
99.8793
99.9763
99.8573
99.7681
99.7931
99.8642
99.8485
99.9353
99.8749
99.9495
99.9346
99.9978
99.7615
99.7952
99.9633
99.877
99.8598
99.7886
99.967
99.6597
99.894
99.0776
99.0196
99.8836
99.9705
99.8057
99.9345
99.9266
99.965
99.8601
99.7954
99.8443
99.9145
99.8269
99.873
99.8235
99.8656
99.9275
99.7898
99.9592
99.8449
99.8404
99.8643
99.9953
99.8895
99.7897
99.803
99.9449
99.6016
99.9981
99.6552
99.5979
99.954
99.942
99.9838
99.9767
99.8017
99.8434
99.8769
99.9895
99.8935
99.9588
99.9874
99.7578
99.931
99.8605
99.9904
99.8409
99.8081
99.94
99.0647
99.8707
99.3544
99.6602
99.2695
99.9034
99.7391
99.8177
99.7635
99.8118
99.8681
99.8995
99.9712
99.9475
99
99.764
99.8854
99.8831
99.8655
99.8535
99.766
99.8711
99.7204
99.8275
99.9565
99.9492
99.0196
99.4955
99.8876
99.6961
99.8369
99.8375
99.9864
99.9893
99.9651
99.8788
99.9304
99.7422
99.7814
99
99.2146
99.6423
99.8742
99.9275
99.8819
99.8082
99.8271
99.8966
99.7499
99.8043
99.9796
99.8345
99.8841
99.9621
99.9286
99.1923
99.4368
99.9663
99.2481
99.8513
99
99.8592
99.8144
99.8839
99.9762
99.8511
99.9532
99.8095
99.8929
99.8158
99.9436
99.8201
99.9741
99.7786
99.8325
99.9134
99.9871
99.9509
99.7883
99.8143
99.0592
99.3769
99.9604
99.8801
99.9381
99.8848
99.1911
99.7865
99.7315
99.972
99.9189
99.9182
99.8926
99.9627
99.8656
99.7257
99.6992
99.6765
99.7013
99.9394
99.1492
99.9164
99.8799
99.8193
99.838
99.9715
99.326
99.4172
99.2922
99.1201
99.9874
99.8598
99.8892
99.6219
99.918
99.9269
99.9154
99.7961
99.865
99.9021
99.8709
99.7387
99.7879
99.9844
99.9156
99.8512
99.957
99.9043
99.8945
99.9388
99.8592
99.8928
99.9736
99.829
99.9223
99.8557
99.7961
99.8773
99.8948
99.8601
99.3986
99.9699
99.9871
99.8668
99.8826
99.9498
99.9396
99.9428
99.862
99.9092
99.9463
99.97
99.9716
99.8025
99.9329
99.9362
99.8315
99.8564
99.8919
99.7871
99.8004
99.8456
99.8626
99.9593
99.877
99.9014
99.8743
99.8992
99.8504
99.7893
99.8652
99.089
99.4093
99.0776
99.7444
99.9622
99.809
99.878
99.8257
99.9652
99.8827
99.9976
99.8546
99.9663
99.962
99.8818
99.8799
99.8736
99.9684
99.9338
99.7323
99.886
99.9109
99.8728
99.8301
99.9958
99.902
99.5687
99.4747
99.7307
99.9191
99.3172
99.9584
99.8162
99.8715
99.8104
99.8614
99.7999
99.9578
99.9321
99.843
99.9601
99.5704
99.9738
99.882
99.9797
99.9075
99.9776
99.8999
99.9411
99.9059
99.8139
99.98
99.847
99.8333
99.9884
99.2991
99.385
99.5482
99.9007
99.4233
99.8464
99.9517
99.622
99.8399
99.9532
99.6385
99.9155
99.7951
99.6966
99.7765
99.955
99.8414
99.9539
99.8752
99.6898
99.8445
99.4152
99.7908
99.763
99.3681
99.6608
99.6383
99.9445
99.9538
99.7882
99.8373
99.9405
99.7729
99.9158
99.8617
99.8067
99.8937
99.9934
99.9942
99.8384
99.9956
99.9489
99.8532
99.8401
99.8402
99.8724
99.919
99.9384
99.9363
99.8697
99.8858
99.9632
99.9511
99
99.8812
99.6278
99.8858
99.2701
99.5869
99.8169
99.8295
99.8404
99.9042
99.9655
99.9924
99.8785
99.8546
99.9326
99.8529
99.9759
99.9456
99.9104
99.8831
99.823
99.9055
99.7947
99.9056
99.8031
99.9589
99.9184
99.7392
99.2223
99.8094
99.852
99.8667
99.9819
99.915
99.8004
99.9323
99.973
99.8573
99.8325
99.4973
99.1974
99.946
99.915
99.9332
99.8155
99.968
99.7615
99.9274
99.8916
99.8088
99.84
99.7945
99.8864
99.964
99.9894
99.8877
99.9961
99.8543
99.8208
99.8285
99.9271
99.9047
99.8436
99.8369
99.8255
99.7936
99.9509
99.9673
99.8107
99.2282
99.9073
99.5196
99.8446
99.8347
99.9734
99.7954
99.8493
99.8168
99.9201
99.8103
99.9688
99.9094
99.8514
99.9658
99.9685
99.8079
99.9256
99.8054
99.8332
99.9728
99.8142
99.8603
99.7957
99.916
99.927
99.9874
99.9309
99.9202
99.9322
99.1391
99.7573
99.9904
99.539
99.7822
99.805
99.928
99.8948
99.8061
99.9304
99.8908
99.9711
99.8933
99.993
99.8353
99.9131
99.7151
99.8053
99.87
99.8152
99.6973
99.9405
99.7798
99.8146
99.9904
99.8394
99.8506
99.9288
99.9272
99.8394
99.8158
99.8547
99.8719
99.8818
99.9845
99.8764
99.9898
99.8292
99.9608
99.7071
99.462
99.6337
99.481
99.9015
99.9243
99.8729
99.9855
99.9703
99.8207
99.7772
99.9513
99.7654
99.8534
99.837
99.8021
99.957
99.8936
99.9961
99.8217
99.921
99.9869
99.9572
99.7526
99.9324
99.0601
99.6442
99.522
99.0799
99.9562
99.8601
99.5892
99.8901
99.4875
99.6649
99.1896
99.8901
99
99.3239
99.7698
99.9895
99.8143
99.865
99.723
99.9861
99.5775
99.3714
99.9465
99.8458
99.8466
99.8981
99.8542
99.8237
99.8983
99.8837
99.9631
99.8603
99.9518
99.8928
99.9197
99.7995
99.6958
99.9106
99.8377
99.8152
99.9185
99.7838
99.9911
99.9147
99.9278
99.9845
99.9562
99.9309
99.9014
99.9594
99.9889
99.7791
99.7764
99.3506
99.8021
99.7734
99.8194
99.9293
99.9133
99.8917
99.9733
99.9215
99.7865
99.8127
99.9092
99.8348
99.8318
99.9534
99.8657
99.8675
99.9479
99.9245
99.9638
99.945
99.8332
99.9416
99.5025
99.272
99.5816
99.5671
99.8484
99.9184
99.8888
99.3117
99.3284
99.6533
99.5302
99.0099
99.9913
99.9863
99.9023
99.8532
99.9559
99.612
99.8164
99.9101
99.8271
99.7827
99.8093
99.8209
99.9022
99.7991
99.9727
99.9491
99.1019
99.9627
99.9225
99.8564
99.9079
99.7946
99.9804
99.7643
99.5693
99.6153
99.4649
99.6641
99.9442
99.907
99.7483
99.9667
99
99.9535
99.854
99.9346
99.8336
99.926
99.8267
99.5538
99.8625
99.8201
99.8121
99.9403
99.8481
99.9086
99.8458
99.8611
99.8349
99.9212
99.7539
99.8201
99.8502
99.2978
99.6898
99.3962
99.994
99.882
99.9683
99.9939
99.9413
99.9943
99.8747
99.9503
99.8816
99.9198
99.8838
99.9487
99.9047
99.8651
99.8989
99.8397
99.7722
99.911
99.8426
99.9842
99.8825
99.8809
99.8316
99.5708
99.3536
99.8289
99.8713
99.892
99.9839
99.831
99.8284
99.9794
99.8228
99.866
99.953
99.9702
99.9172
99.8786
99.9609
99.9022
99.9861
99.9765
99.8461
99.8351
99.8336
99.8657
99.8918
99.998
99.9411
99.8661
99.7418
99.8881
99.3003
99.748
99.9702
99.7621
99.8962
99.8061
99.9099
99.9735
99.9527
99.9531
99.8539
99.8554
99.9663
99.9823
99.9343
99.8492
99.8277
99.9276
99.992
99.8881
99.953
99.8098
99.9862
99.8434
99.5185
99.8221
99.7675
99.8582
99.9685
99.8974
99.9849
99.8666
99.9942
99.9903
99.8931
99.834
99.9653
99.7719
99.9693
99.8732
99.9507
99.9644
99.8108
99.8154
99.8564
99.8882
99.9095
99.9728
99.9515
99.8692
99.8658
99.0659
99.175
99.9542
99.6219
99.968
99.9923
99.9559
99.9952
99.8296
99.8881
99.9059
99.9643
99.9156
99.9979
99.8716
99.8789
99.8699
99.8012
99.595
99.6094
99.899
99.8776
99.8286
99.8849
99.9546
99.9231
99.8336
99.9447
99.9041
99.839
99.8867
99.8369
99.8238
99.8878
99.7994
99.805
99.7663
99.8999
99.8916
99.8685
99.9491
99.855
99.7703
99.8084
99.2635
99.1863
99.958
99.3377
99.8965
99.9276
99.9334
99.9786
99.9237
99.8406
99.7987
99.8152
99.8637
99.9412
99.8626
99.9318
99.9682
99.9545
99.8802
99.8717
99.9818
99.9448
99.7966
99.7987
99.9048
99.9573
99.9235
99.8757
99.7083
99.3789
99.817
99.6163
99.9688
99.8857
99.7853
99.8557
99.9071
99.515
99.9876
99.8329
99.7715
99.7971
99.9852
99.9124
99.9568
99.946
99.8929
99.9497
99.9707
99.9814
99.8474
99.8562
99.8456
99.9231
99.8844
99.9586
99.9938
99.9938
99.9772
99.986
99.8485
99.8635
99.8062
99.9422
99.8986
99.9793
99.7938
99.1832
99.9311
99.9416
99.8313
99.7446
99.8652
99.9793
99.7969
99.8218
99.7772
99.9878
99.8057
99.7541
99.8666
99.8296
99.9269
99.8777
99.923
99.912
99.9247
99.9047
99.8851
99.8815
99.9448
99.8181
99.8013
99.8037
99.9707
99.8734
99.9743
99.6811
99.4374
99.3377
99.7378
99.8072
99.2626
99.8316
99.8027
99.8959
99.9687
99.9854
99.812
99.8099
99.845
99.8851
99.8094
99.6499
99.8333
99.8036
99.8746
99.85
99.5232
99.4878
99.8363
99.8225
99.8526
99.9405
99.8414
99.9764
99.8435
99.8297
99.8707
99.8861
99.9033
99.9144
99.8737
99.868
99.994
99.8345
99.8514
99.9221
99.9583
99.8455
99.8844
99.9011
99.8333
99.8036
99.8452
99.8791
99.8883
99.8095
99.1546
99.8253
99.9445
99.9448
99.9007
99.9037
99.8482
99.886
99.8176
99.9728
99.9692
99.8766
99.9956
99.8562
99.8895
99.843
99.9911
99.9279
99.804
99.9275
99.9633
99.9682
99.7724
99.8307
99.827
99.8242
99.8171
99.9138
99.9922
99.5965
99.0894
99.792
99.8151
99.8988
99.8863
99.8413
99.8333
99.8784
99.9808
99.9837
99.9191
99.9375
99.9041
99.9029
99.95
99.8149
99.9667
99.9904
99.8306
99.9158
99.8684
99.9537
99.9295
99.8546
99.8833
99.992
99.8573
99.1289
99
99.9641
99.8886
99.8545
99.9356
99.8408
99.8552
99.8509
99.8866
99.8399
99.9679
99.8867
99.8224
99.8425
99.8387
99.9433
99.9944
99.9754
99.9341
99.8462
99.9659
99.8154
99.9278
99.9859
99.0928
99.1691
99.5494
99.8008
99
99.7492
99.9322
99.9959
99.9162
99.9364
99.8619
99.9737
99.8475
99.8622
99.931
99.9046
99.8787
99.946
99.9014
99.9104
99.9662
99.8153
99.8784
99.8278
99.9013
99.2063
99.8185
99.9776
99.7004
99.7777
99.9145
99.8877
99.863
99.7822
99.6774
99.8397
99.8333
99.8071
99.8684
99.8892
99.974
99.9575
99.9328
99.7995
99.7735
99.9632
99.89
99.7401
99.8746
99.8037
99.9386
99.8623
99.7909
99.759
99.9848
99.9165
99.9282
99.8592
99.948
99.825
99.9265
99.8704
99.8768
99.2476
99.5426
99.1424
99.7188
99.8543
99.8856
99.834
99.9423
99.9914
99.9439
99.9025
99.9292
99.9329
99.9719
99.8089
99.9033
99.9156
99.8787
99.8816
99.8828
99.9652
99.7905
99.8857
99.8106
99.9957
99.9074
99.9198
99.7789
99.6264
99.1933
99.1845
99.9866
99.7962
99.7985
99.9834
99.9084
99.8461
99.8583
99.9887
99.8141
99.9933
99.8446
99.9963
99.9026
99.8811
99.9584
99.9274
99.7915
99.9979
99.9953
99.8257
99.3458
99.0955
99.8289
99.0291
99.9189
99.8805
99.9938
99.8016
99.7638
99.8701
99.9049
99.9716
99.8004
99.9981
99.9634
99.9637
99.9773
99.8084
99.8634
99.9818
99.8731
99.8759
99.7924
99.9327
99.8573
99.8568
99.9231
99.996
99.6291
99.1896
99.4094
99.6937
99.9436
99.7842
99.9236
99.9963
99.9573
99.9702
99.8205
99.9742
99.8147
99.8859
99.8647
99.9176
99.8378
99.9315
99.7674
99.9963
99.8108
99.8903
99.9252
99.8107
99.8108
99.8661
99.9317
99.9325
99.5166
99.9394
99.7661
99.2063
99.8874
99.9646
99.9696
99.8752
99.8081
99.9534
99.8216
99.8194
99.9251
99.08
99.604
99.5277
99.9026
99.8216
99.9248
99.9806
99.9389
99.9293
99.8761
99.8171
99.4715
99.9234
99.9456
99.8725
99
99.8308
99.8314
99.8306
99.8349
99.8419
99.8423
99.0839
99.8964
99.8221
99.2393
99.8035
99.9335
99.9622
99.9811
99.8246
99.8354
99.9401
99.9426
99.9503
99.8706
99.9744
99.9048
99.8312
99.9457
99.9348
99.9924
99.5122
99.9627
99.963
99.7609
99.9734
99.8014
99.9793
99.8147
99.9227
99.8742
99.8465
99.8608
99.9707
99.8705
99.955
99.9327
99.9415
99.8432
99.8461
99.8665
99.9775
99.9567
99.9573
99.5451
99.9519
99.9307
99.5369
99.8921
99.9057
99.9868
99.9411
99.9978
99.9353
99.6777
99.8626
99.8433
99.9832
99.8223
99.7921
99.83
99.7883
99.8936
99.837
99.9474
99.95
99.9362
99.9956
99.8269
99.8979
99.8536
99.8271
99.9167
99.8517
99.9239
99.9694
99.9957
99.8758
99.7991
99.9944
99.9598
99.8417
99.8104
99.9117
99.5954
99.5538
99.4929
99.8329
99.9319
99.8577
99.9858
99.9189
99.9972
99.9593
99.9166
99.8968
99.84
99.9785
99.8383
99.8885
99.8837
99.9071
99.9531
99.8133
99.9702
99.7901
99.9347
99.8308
99.9657
99.7999
99.8175
99.9695
99.8799
99.9572
99.9441
99.9694
99.9641
99.7418
99.9912
99.9895
99.7928
99.9014
99.9043
99.8505
99.9367
99.8639
99.9947
99.9979
99.9668
99.9622
99.8741
99.8481
99.937
99.8663
99.9813
99.9416
99.9097
99.7875
99.8712
99.9438
99.7384
99.9832
99.8428
99.8008
99.8496
99.8329
99.521
99.6928
99.8941
99.6253
99.9754
99.7909
99.8185
99.9857
99.8758
99.8641
99.9834
99.8792
99.9712
99.8254
99.8391
99.8931
99.937
99.9277
99.8546
99.8679
99.9663
99.9919
99.9652
99.9772
99.9642
99.8835
99.8808
99.8687
99.9959
99.456
99.8912
99.9394
99.8617
99.9114
99.8608
99.8972
99.845
99.7995
99.8194
99.838
99.8238
99.9323
99.8336
99.8993
99.9396
99.8254
99.9068
99.9495
99.9596
99.8266
99.9094
99.8937
99.9009
99.9716
99.8663
99.8182
99.8242
99.7377
99.242
99.6115
99.8435
99.9741
99.8544
99.884
99.8844
99.998
99.9834
99.9371
99.8936
99.9746
99.8067
99.8796
99.8063
99.9752
99.9881
99.9745
99.9763
99.9811
99.8657
99.8573
99.8138
99.8695
99.95
99.6299
99.911
99.9665
99.8336
99.8927
99.8745
99.8183
99.8749
99.8155
99.9419
99.9845
99.8238
99.9479
99.8788
99.6779
99.9686
99.8906
99.9826
99.9865
99.8336
99.9884
99.8907
99.9102
99.9172
99.3506
99.9678
99.9664
99.8352
99.9064
99.904
99.8641
99.9507
99.9355
99.8854
99.9233
99.8945
99.9914
99.8763
99.9521
99.83
99.9452
99.8968
99.0338
99.7871
99.8604
99.7969
99.9438
99.9635
99.8595
99.9852
99.7945
99.9922
99.8284
99.8358
99.9538
99.5449
99.6005
99.8363
99.9659
99.9455
99.9874
99.9074
99.1585
99.9604
99.8348
99.9791
99.8963
99.8428
99.9719
99.9583
99.832
99.8144
99.882
99.5188
99.6253
99.8421
99.5495
99.9606
99.8565
99.8425
99.8066
99.9594
99.9677
99.8194
99.8259
99
99.9842
99.8905
99.8414
99.9631
99.9671
99.8303
99.9613
99.9105
99.1814
99.84
99.5446
99.6206
99.8398
99.8865
99.814
99.9735
99.9506
99.945
99.9285
99.8949
99.9386
99.9526
99.9244
99.8911
99.992
99.1411
99.7839
99.8605
99.9153
99.855
99.9018
99.8514
99.7751
99.8752
99.9673
99.8468
99.7882
99.9739
99.772
99.9433
99.8762
99.8222
99.9308
99.9696
99.8595
99.7657
99.867
99.8466
99.8387
99.9759
99.8718
99.9804
99.9191
99.9464
99.989
99.9737
99.9046
99.6641
99.3347
99.7303
99.6906
99.7059
99.97
99.9368
99.8758
99.8584
99.9381
99.994
99.9332
99.834
99.8225
99.9785
99.9339
99.8172
99.8503
99.8452
99.9125
99.8314
99.8838
99.9723
99.8254
99.8644
99.8162
99.8148
99.8881
99.7883
99.8004
99.9145
99.8677
99.9394
99.8601
99.9128
99.6457
99.8235
99.292
99.6968
99.977
99.7965
99.869
99.8594
99.7942
99.8805
99.8939
99.9009
99.7986
99.8236
99.8412
99.8388
99.91
99.9488
99.9109
99.971
99.8321
99.8208
99.8093
99.877
99.9094
99.8941
99.8822
99.9059
99.9408
99.9835
99.3687
99.6624
99.7676
99.8217
99.9101
99.8679
99.9755
99.8502
99.7772
99.9927
99.8326
99.8863
99.9112
99.8895
99.8729
99.8729
99.8644
99.9159
99.867
99.9174
99.8614
99.9279
99.9459
99.9959
99.9459
99.8497
99.983
99.8189
99.8729
99.4457
99.8424
99.8801
99.4819
99.9245
99.998
99.9141
99.9049
99.8396
99.9407
99.8438
99.9588
99.8523
99.8509
99.8452
99.815
99.9894
99.9447
99.919
99.7893
99.9547
99.9092
99.9337
99.6663
99.824
99.2366
99.6144
99.8105
99.8041
99.9802
99.8701
99.9048
99.9574
99.8151
99.8233
99.9476
99.7675
99.9421
99.9203
99.9595
99.9761
99.8747
99.9864
99.9711
99.8824
99.8946
99.8336
99.8004
99.8851
99.9151
99.8637
99.9825
99.6208
99.6914
99.4802
99.7929
99.9286
99.9223
99.7195
99.8231
99.8766
99.9243
99.9369
99.903
99.7968
99.8768
99.882
99.8008
99.9385
99.2908
99.928
99.8107
99.9494
99.8844
99.796
99.934
99.9978
99.923
99.8223
99.9583
99.8685
99.9475
99.8171
99.9102
99.9515
99.956
99.8968
99.8272
99.9846
99.9934
99.8315
99.778
99.8586
99.7575
99.8783
99.9647
99.7256
99.856
99.8749
99.4365
99.7121
99.77
99.8928
99.8224
99.7823
99.7981
99.8607
99.8841
99.3768
99.8017
99.9658
99.7978
99.9708
99.8377
99.8261
99.8454
99.8475
99.9014
99.819
99.9765
99.8583
99.7926
99.8059
99.8441
99.9185
99.9591
99.7987
99.9802
99.9375
99.8666
99.8051
99.8525
99.9159
99.9828
99.8347
99.9394
99.985
99.8179
99.3133
99.0543
99.2481
99.6572
99.7966
99.8846
99
99.8495
99.9092
99.8465
99.8135
99.9725
99.8604
99.7867
99.7928
99.981
99.8442
99.9387
99.9309
99.9428
99.9768
99.9916
99.9098
99.9256
99.8354
99.9318
99.9259
99.9049
99.7957
99.8425
99.8937
99.8004
99.8501
99.9384
99.9293
99.1219
99.4658
99.8126
99.8461
99.9784
99.9303
99.8129
99.9248
99.9629
99.9833
99.9855
99.9795
99.8151
99.9254
99.8464
99.8217
99.8398
99.9359
99.9448
99.9039
99.7979
99.8134
99.8012
99.8553
99.9766
99.8934
99.9305
99.9958
99.9876
99.7817
99.9351
99.9417
99.6634
99.9293
99.4965
99.9152
99.9772
99.9659
99.9829
99.7416
99.984
99.9317
99.797
99.8297
99.9745
99.9957
99.9332
99.9829
99.9979
99.8784
99.7932
99.9751
99.788
99.8133
99.8017
99.8067
99.9158
99.9595
99.8418
99.9487
99.7906
99.8374
99.8619
99.815
99.9125
99.858
99.8243
99.6745
99.3829
99.3402
99.6055
99.6405
99.8315
99.9278
99.9179
99.8211
99.8536
99.8193
99.8796
99.9092
99.9503
99.8937
99.6743
99
99.9477
99.9554
99.867
99.9472
99.9111
99.9494
99.9873
99.7003
99.9304
99.9746
99.9448
99.9958
99.1896
99.8628
99.9705
99.9159
99.7935
99.9642
99.882
99.9618
99.8667
99.8262
99.8143
99.7675
99.8586
99.9489
99.9936
99.9241
99.8752
99.9852
99.6584
99.1277
99.4374
99.7067
99.8024
99.7293
99.8481
99.8897
99.8426
99.9067
99.7838
99.826
99.9441
99.7407
99.9148
99.2745
99.8733
99.8437
99.9047
99.8623
99.7499
99.8219
99.9011
99.8871
99.8215
99.9463
99.2908
99.8654
99.9337
99.777
99.9124
99.8099
99.9109
99.9793
99.969
99.9479
99.1366
99.9281
99.8588
99.1114
99.951
99.9516
99.859
99.9009
99.9955
99.9106
99.9159
99.9511
99.9725
99.9194
99.9089
99.9655
99.8633
99.8434
99.8496
99.9088
99.9213
99.9401
99.8417
99.9634
99.8202
99.837
99.8648
99.9535
99.9476
99.9246
99.0196
99.0615
99.8215
99.9955
99.9066
99.9042
99.7771
99.972
99.878
99.9599
99.7984
99.8789
99.8456
99.9018
99.8824
99.9171
99.9667
99.9693
99.988
99.9199
99.9894
99.9253
99.5608
99.6417
99.7054
99.8054
99.9461
99.9907
99.8622
99.98
99.9063
99.9741
99.8354
99.8339
99.8965
99.9114
99.8779
99.8497
99.9183
99.978
99.7986
99.9322
99.8531
99.9815
99.9521
99.8743
99.9059
99.9911
99.9635
99.8678
99.8943
99.5266
99.7305
99.3103
99.8276
99.8792
99.9462
99.8646
99.771
99.9737
99.7601
99.7969
99.8316
99.8062
99.9844
99.9448
99.4213
99.9536
99.9617
99.7567
99.8323
99.8619
99.9303
99.8912
99
99.9599
99.9111
99.8168
99.8462
99.8664
99.9761
99.7957
99.9956
99.7599
99.9478
99.845
99.9759
99.944
99.716
99.9139
99.9667
99.2545
99.858
99.889
99.8707
99.8449
99.8835
99.9791
99.8678
99.8819
99.9172
99.8803
99.8593
99.88
99.8437
99.7898
99.8495
99.9896
99.9857
99.8174
99.9389
99.853
99.8536
99.9446
99.8528
99.8366
99.8482
99.7889
99.7412
99.0491
99.8185
99.9774
99.8957
99.9113
99.8236
99.8587
99.9179
99.8691
99.8678
99.9698
99.9149
99.8388
99.9584
99.9779
99.9207
99.9348
99.8944
99.9903
99.9086
99.9428
99.8978
99.9874
99.7843
99.9918
99.8705
99.8902
99.8046
99.9282
99.8984
99.7695
99.7661
99.9245
99.8752
99.877
99.8416
99.9291
99.8499
99.895
99.8736
99.5994
99.8573
99.9809
99.9001
99.777
99.8677
99.8
99.9269
99.7976
99.8473
99.8873
99.8539
99.9807
99.8299
99.961
99.9422
99.9017
99.9307
99.8708
99.6908
99.53
99.5074
99.8532
99.3536
99.9688
99.856
99.81
99.7551
99.9034
99.9368
99.8687
99.8685
99.8037
99.854
99
99.2146
99.8553
99.9309
99.8556
99.8413
99.9147
99.8518
99.9203
99.853
99.909
99.8431
99.9839
99.9244
99.8259
99.9152
99.9571
99.872
99.9137
99.8301
99.9959
99.9323
99.8648
99.9225
99.9273
99.8392
99.6807
99.2843
99.8288
99.8361
99.7717
99.9637
99.8752
99.8851
99.8849
99.9057
99.9981
99.872
99.9848
99.9872
99.8716
99.9044
99.9424
99.8625
99.8273
99.8424
99.846
99.9208
99.8314
99.9675
99.8809
99.8825
99.7919
99.8666
99.8988
99.8174
99.8099
99.9269
99.2736
99.9894
99.9923
99.9842
99.9961
99.8148
99.9397
99.9321
99.9092
99.9825
99.9263
99.897
99.8139
99.8495
99.9206
99.9602
99.8645
99.9514
99.9297
99.8791
99.8649
99.8725
99.88
99.8456
99.7873
99.8684
99.8395
99.9458
99.8488
99.7506
99.9881
99.309
99.278
99.6002
99.8117
99.9062
99.8955
99.9881
99.9588
99.8216
99.9554
99.8579
99.8078
99.9118
99.9406
99.9572
99.9476
99.8526
99.9012
99.8543
99.9651
99.9268
99.8052
99.9804
99.9104
99.8584
99.8803
99.8701
99.8081
99.8999
99.9307
99.9979
99.9961
99.8737
99.5916
99
99.8686
99.7249
99.8487
99.8563
99.8154
99.9701
99.9696
99.9646
99.9182
99.9696
99.7989
99.7884
99.856
99.9243
99.8159
99.6257
99.6663
99.8875
99.8177
99.8824
99.822
99.8485
99.9187
99.9226
99.7709
99.8119
99.828
99.8848
99.8526
99.7983
99.0767
99.8709
99.8474
99.8663
99.7869
99.9934
99.8865
99.8872
99.8944
99.9888
99.9766
99.879
99.826
99.8825
99.923
99.9013
99.8532
99.8134
99.7892
99.7995
99.998
99.6358
99.4697
99.9384
99.108
99.9429
99.8394
99.9416
99.8711
99.9571
99.7842
99.8682
99.9792
99.9327
99.9128
99.7728
99.984
99.9653
99.922
99.9207
99.8449
99.9453
99.8405
99.6441
99.6873
99.993
99.1911
99.8467
99.9879
99.8383
99.8253
99.9373
99.8066
99.8698
99.8585
99.8859
99.9162
99.8808
99.9919
99.9679
99.9676
99.8504
99.8878
99.8576
99.9657
99.964
99.8865
99.832
99.8724
99.826
99.8129
99.894
99.9365
99.9345
99.8269
99.803
99.9472
99.9558
99.9778
99.5185
99.8712
99.6372
99.2555
99.917
99.8975
99.9593
99.9043
99.8407
99.9142
99.9701
99.8654
99.8777
99.8012
99.9065
99.8692
99
99.9712
99.8668
99.9956
99.8138
99.9113
99.8336
99.9523
99.8273
99.8266
99.998
99.978
99.9745
99.919
99.2199
99.0196
99.8957
99.846
99.9473
99.9979
99.8349
99.9445
99.9396
99.8582
99.2366
99.8617
99.9553
99.8581
99.8399
99.9273
99.8956
99.8102
99.8884
99
99.9092
99.8632
99.8222
99.8739
99.9218
99.9685
99.9201
99.9549
99.8507
99.965
99.855
99.8973
99.8172
99.8227
99.8321
99.8576
99.7625
99.8494
99.8324
99.9116
99.9216
99.9511
99.6787
99.5025
99.2701
99.9717
99.5676
99.9474
99.8265
99.8759
99.9162
99.8553
99.9871
99.972
99.8348
99.9077
99.9589
99.9982
99.2356
99.9448
99.8322
99.989
99.8382
99.9428
99.9537
99.9226
99.8904
99.9834
99.8999
99.9394
99.8394
99.8305
99.9772
99.9019
99.9982
99.8624
99.934
99.791
99.1339
99.1764
99.2121
99.5025
99.3213
99.8833
99.8503
99.8363
99.8672
99.8121
99.8146
99.9927
99.7885
99.9819
99.9014
99.8771
99.9976
99.8464
99.8237
99.8227
99.9624
99.978
99.9817
99.8415
99.9544
99.8551
99.8747
99.9216
99.7977
99.9872
99
99.8793
99.8815
99.8059
99.93
99.0768
99.9956
99.9155
99.9397
99.8898
99.9167
99.9064
99.9463
99.8081
99.9802
99.9594
99.8862
99.8121
99.8396
99.7889
99.9244
99.9695
99.9674
99.8048
99.5196
99.1887
99.514
99.909
99.9777
99.8242
99.9901
99.8746
99.8219
99.9887
99.946
99.787
99.7075
99.8385
99.8627
99.8656
99.7371
99.863
99.9096
99.8538
99.9128
99.7954
99.9092
99.9948
99.8373
99.9314
99.9856
99.9662
99.9908
99.7889
99.93
99.0291
99.7622
99.9089
99.9269
99.9306
99.8652
99.7627
99.9313
99.9339
99.8486
99.8317
99.8271
99.8596
99.964
99.116
99.5193
99.3681
99.9789
99.9676
99.8819
99.8899
99.8553
99.9128
99.8959
99.8223
99.7801
99.8135
99.8444
99.8243
99.977
99.9572
99.9009
99.994
99.9632
99.802
99.8403
99.9746
99.8225
99.855
99.831
99.9763
99.82
99.89
99.9806
99.8573
99.9556
99.8579
99.9186
99.8863
99.9573
99.9678
99.85
